13586 2
39690 8
22645 2
13348 2
22457 2
21659 2
27397 2
29031 8
20286 8
32354 2
8237 2
18307 0
29030 8
18122 2
7713 2
43722 2
31274 2
47662 2
33289 2
31927 2
14606 2
21662 2
43079 2
6744 0
10077 2
3848 8
3112 2
3556 2
7841 8
5061 0
3117 2
21743 0
31289 2
3560 5
18720 2
3608 2
40038 2
38186 2
2218 2
6262 5
4245 2
4201 2
32336 0
6800 2
3574 6
5528 2
7025 2
4296 0
3104 0
12772 2
15207 2
17645 0
40347 2
4459 2
5565 2
4437 2
31699 0
7653 2
10748 0
41158 0
39025 2
6156 2
5671 2
4865 2
5116 7
33109 2
42727 2
3317 2
31991 2
8032 2
2496 2
23003 2
3142 2
12262 2
22573 2
2621 2
13783 0
14330 2
12924 3
33591 2
10425 2
33956 2
13299 2
44532 2
38130 2
29271 2
31650 2
13308 2
43423 2
29804 3
25626 2
24898 8
4076 4
6542 2
13041 2
13092 2
33719 2
17655 8
22346 2
26753 2
14946 2
37155 6
46109 2
42352 2
19948 2
22943 2
38210 0
33722 2
8350 8
23829 2
26792 2
39094 5
26831 4
39703 8
36897 2
8624 2
22365 2
22970 2
39517 2
44487 2
42282 2
46414 2
23200 2
39717 2
26025 2
30732 2
26088 2
26604 2
36266 2
14004 2
33578 2
16183 2
11477 0
5121 3
2579 8
2416 8
17154 0
18770 8
3932 0
31573 0
1871 0
10749 0
17625 0
20768 0
1371 0
38796 0
2408 0
8340 0
4685 0
2636 0
1493 0
34813 0
14853 0
13917 8
2094 8
2623 0
2253 0
4544 0
9897 0
5346 8
3885 0
1158 0
5002 0
7028 8
2468 0
9455 0
2590 0
20462 0
9066 0
958 0
43889 0
3511 0
3964 0
1861 0
198 0
2456 0
5341 0
4784 8
2957 0
3825 0
8239 0
4665 0
5754 0
5014 0
5339 0
2086 0
2401 0
4652 0
12372 0
5333 0
2575 0
9694 0
903 0
5302 0
11563 0
1382 0
13727 0
5321 0
12460 8
22577 0
3914 0
11005 0
22568 0
20617 0
9459 0
6116 0
3857 0
1405 8
2970 0
5643 0
707 0
16219 0
16045 0
1660 0
5634 0
18146 0
2958 0
6410 0
6939 0
13337 0
30226 0
4221 0
13699 0
13387 0
27823 0
9243 0
30479 0
5861 0
22066 0
18169 0
8652 0
25318 0
9983 0
16884 0
22064 0
13265 0
39302 0
12241 0
18041 0
25708 0
22171 0
10516 8
31951 0
13631 0
11858 0
6117 0
6699 0
3856 0
6256 0
42286 0
44823 0
4207 0
5834 0
2469 3
36079 0
36726 8
30220 0
25075 0
2578 0
24006 8
2409 0
3927 0
2861 0
4247 0
19920 0
39467 0
22816 0
9901 0
34640 0
17299 0
5867 0
43150 0
23447 0
13279 0
5524 0
5461 0
3103 0
3813 0
34750 0
38503 0
4651 0
1032 0
31413 0
26089 0
43429 0
1030 0
16200 0
41911 0
9203 0
12542 0
25338 0
17462 0
5564 0
32096 0
19245 0
19227 0
4715 0
34721 0
22364 0
30215 0
1406 0
9690 0
7293 0
7661 0
40119 0
29014 0
9323 0
5934 0
30404 0
27903 0
3972 0
20406 0
21288 0
20376 0
36491 0
46065 0
4227 0
1857 0
44302 0
4645 0
25394 0
28531 0
3915 0
42217 0
43413 0
959 0
5818 0
5687 0
18544 0
35776 0
17613 0
17617 0
17615 0
13481 0
3440 0
24964 0
12545 0
39248 0
3936 0
11026 0
542 4
30983 0
46237 0
18710 0
2383 0
34769 0
39291 0
48359 0
43544 0
6233 0
11006 0
5025 0
25759 0
26421 0
5756 0
4746 0
24951 0
20722 0
12467 0
28567 0
30881 0
26069 0
5090 0
13210 0
33801 0
41363 0
38056 0
25842 0
47353 0
4515 0
5887 0
42476 0
26852 0
10680 0
28884 0
23741 0
845 0
44829 0
28213 0
37442 0
20748 0
29865 0
25500 0
42472 0
12925 0
25384 0
32189 0
23739 0
36580 0
37978 0
6469 0
43430 0
39407 0
3738 0
35005 0
46870 0
3699 8
1550 0
39984 0
22852 0
31344 0
30477 0
25063 0
15949 0
18994 0
45332 5
16352 5
30888 5
46415 5
5543 5
40464 5
31192 5
169 5
47163 5
37487 5
18655 5
16013 5
20928 5
8497 5
9087 5
9941 5
450 5
2641 8
46853 5
3219 5
19121 5
14475 5
14068 8
12566 8
6076 8
4366 5
154 5
1166 5
25624 5
1482 5
9263 5
8507 5
34680 5
6081 8
7604 8
32320 5
12484 5
31809 5
1375 5
35522 5
22535 5
12730 5
4097 3
2852 3
12669 3
13120 8
1415 5
20336 5
3359 3
221 3
4075 5
4731 5
13558 5
2051 8
26082 5
11609 5
20839 5
36956 5
34570 5
4086 3
26302 8
35796 5
15204 5
8606 5
36914 8
4881 3
3558 5
6269 5
8980 5
38184 5
19983 5
37557 5
8235 5
43439 5
16014 5
4150 5
12410 5
35249 5
47747 5
24376 5
21157 5
28447 5
8593 5
33496 5
33700 5
15436 5
27212 5
29301 5
37058 5
20927 5
4107 5
34713 5
22162 5
41488 5
30932 5
21469 5
26849 5
27904 5
37061 5
16011 5
45206 5
37060 5
5383 5
10291 5
31171 5
23941 5
29531 4
34792 5
10610 5
41409 5
10652 5
30936 5
28765 5
27033 5
21034 5
17274 5
36227 5
11707 5
46249 5
46236 5
42315 5
22458 1
42698 1
47383 1
24687 1
19018 1
9470 1
47201 1
4389 1
25365 1
3980 1
8471 1
7444 1
5744 1
18216 1
23683 1
38863 1
34685 1
39063 1
18237 1
37800 1
28852 1
45435 1
45424 1
6937 1
6859 1
22738 1
13187 1
36618 1
8869 1
45828 1
525 1
470 1
7957 1
27401 1
40681 1
1284 1
42659 1
7481 1
23409 1
22170 1
23757 1
940 1
7075 1
5877 1
9256 1
41756 1
7079 1
27831 1
14418 1
3676 1
45863 1
10612 1
6527 1
20527 1
36178 1
34776 1
41829 1
14645 1
29152 1
25623 1
30950 1
11854 1
20537 1
7225 1
43156 1
7438 1
6459 1
15359 1
13633 1
28908 1
6987 1
9288 1
38341 1
41534 1
8178 1
1944 1
5600 1
6052 1
39555 1
36879 1
12670 1
22636 1
39471 1
43905 1
20368 1
32991 1
26058 1
40484 1
36712 1
26299 1
22286 1
14879 1
7152 1
32338 1
39771 1
2203 1
6968 1
39840 1
5820 1
37025 1
4104 1
18954 1
10208 1
8700 1
3614 1
11727 1
5931 1
3753 1
12665 1
3747 1
13263 1
13502 1
7903 1
12419 1
13113 1
15890 1
12854 1
11760 1
28615 1
4312 1
7533 1
6388 1
13571 1
30450 1
6224 1
36848 1
20696 1
24262 1
9280 1
39410 1
10323 1
29277 1
29227 1
37337 1
10032 1
9158 1
18408 1
29914 1
20549 1
41011 1
24015 1
34103 1
7555 1
46433 1
46034 1
15376 1
13700 1
32360 1
8154 1
11318 1
4347 1
38365 1
17006 1
24135 1
36048 1
19621 1
14621 1
41074 1
8428 1
20017 1
37287 1
23323 1
32366 1
31316 1
43675 1
35986 1
29268 1
27703 1
44752 1
47136 1
9059 1
19061 1
39230 1
24906 1
10221 1
21604 1
8777 1
8418 1
27807 1
2715 1
1465 1
6441 1
37247 1
1983 1
45232 1
40783 1
14769 1
33647 1
34108 1
48147 1
29257 1
35060 1
35056 1
20369 1
5156 1
48188 1
15927 1
33422 1
31248 1
45125 1
23378 1
42715 1
8868 1
35593 1
48363 1
29357 1
7554 1
15104 1
26675 1
45950 1
14472 1
46527 1
14469 1
12453 1
9174 1
4327 1
41848 1
38170 1
31660 1
18790 1
25957 1
42250 1
8831 1
14662 1
31911 1
16961 1
41847 1
34044 1
19580 1
26084 1
7484 1
29568 1
26986 1
45766 1
34991 1
5662 1
48196 1
20538 1
44965 1
36590 1
40879 1
7224 1
48227 1
13112 1
39015 1
32365 1
5773 1
30017 1
43828 1
44929 1
18251 1
47123 1
30858 1
19607 1
46978 1
19911 1
48071 1
37544 1
30954 1
29353 1
47925 1
6304 6
33475 1
30385 1
8177 1
23359 1
44511 1
41267 1
7221 1
33553 1
14646 1
31762 1
9281 1
46453 1
13200 1
44878 1
47817 1
28809 1
43255 1
29355 1
7556 1
46796 1
28804 1
10547 1
36811 1
23549 1
31224 1
32332 1
36882 1
45806 1
14664 1
28460 1
42758 1
29360 1
29359 1
41320 1
44627 1
23222 1
30676 1
29354 1
7339 1
32364 1
41849 1
39691 1
25850 1
14938 1
18621 1
38628 1
43612 1
8179 1
22688 1
29356 1
29358 1
14535 1
18199 1
47072 1
3202 1
31952 1
47776 1
10941 3
35444 3
6964 3
30646 3
28701 3
25424 3
22385 3
12794 3
4329 3
25925 3
23206 3
23238 3
13505 3
29714 3
7832 3
34975 3
4340 3
19021 3
43199 3
3546 3
35618 3
33430 3
3598 3
6595 3
47200 3
7874 3
45971 3
2395 3
3485 3
48340 3
26225 3
9580 3
12415 3
1045 3
2199 3
7318 3
6829 3
5111 3
4936 3
30087 3
48193 3
2898 3
10584 3
436 3
11306 3
3945 3
10012 3
38798 3
15912 3
48403 3
42887 3
5155 3
13728 3
7369 3
4337 3
5667 3
3916 3
22978 3
6387 3
2677 3
4425 3
28475 3
39588 3
13323 3
45490 3
14687 3
5609 3
11227 3
4318 3
6018 3
15896 3
15193 3
28070 3
10528 3
8834 3
46128 3
16990 3
10255 3
43997 3
1662 3
47131 3
7139 3
14390 3
43786 3
37812 3
15752 3
41341 3
1964 3
28374 3
3908 3
46864 3
37783 3
410 3
33300 3
4183 3
15439 3
3864 3
8651 3
48138 3
33629 3
34540 3
4317 3
4867 3
46252 3
13143 3
15518 3
11616 3
3287 3
32191 3
29784 3
8647 3
627 3
12703 3
45034 3
36447 3
46506 3
774 3
48171 3
18327 3
28046 3
4254 3
48513 3
43014 3
33120 3
31798 3
4628 3
19015 3
16480 3
32657 3
12699 3
36478 3
22229 3
6812 3
32778 3
9301 3
1470 3
38867 3
3604 3
3735 3
1403 3
12926 3
38492 3
21503 3
262 3
15419 3
4868 3
3863 3
22290 3
45047 3
18188 3
2761 3
16029 3
22871 3
48331 3
3031 3
4669 3
18101 3
1812 3
1430 3
23884 3
12607 3
19347 3
1082 3
13998 3
23125 3
48136 3
46987 3
23144 3
4218 3
37362 3
8766 3
27962 3
48401 3
12760 3
9409 3
12430 3
43503 3
11627 3
7001 3
20264 3
10632 3
6320 3
22940 3
5167 3
5416 3
6632 3
18652 3
5388 3
5162 3
22232 3
13167 3
46643 3
5474 3
43846 3
35600 3
7638 3
3761 3
44196 3
207 4
29151 3
23202 3
8305 3
39713 3
48451 3
4098 3
2173 3
32233 3
8432 3
6625 3
5112 3
26827 3
16481 3
379 3
29261 3
27894 3
5987 3
46427 3
3272 3
42538 3
34879 3
22531 3
7796 3
47896 3
30139 3
12526 3
33713 3
12493 3
6195 3
15319 3
1986 3
3583 3
32051 3
38876 3
4379 3
3077 3
401 3
8224 3
44533 3
30466 3
1516 4
16114 3
1587 8
29340 3
46399 3
8510 3
35830 3
7827 3
16039 3
6343 3
4133 3
44256 3
14166 3
4814 3
10321 3
15820 3
6094 3
7551 3
3585 3
30099 3
1722 3
22883 3
30864 3
3584 3
4520 3
11468 3
12923 3
26726 3
15299 3
5445 3
44172 3
3940 3
3343 3
5059 3
7708 3
15925 3
37381 3
2044 3
4276 3
9704 3
15401 6
38026 3
15128 3
2397 3
46059 3
9053 3
4161 3
8421 3
14157 6
44750 3
22248 3
22685 3
22218 3
13490 3
11710 3
38279 3
14931 3
19433 3
43578 3
322 3
5980 3
1175 3
19517 3
45596 3
7588 3
7214 3
33244 3
6329 3
23340 3
9828 3
47832 3
42719 3
26700 3
8656 3
4177 3
42598 3
6108 3
36675 3
5630 3
2856 3
34746 3
1042 3
44352 3
45489 3
1409 3
7260 3
3948 3
5171 3
5192 3
15252 3
4284 3
10649 3
32607 3
45061 3
35672 3
38642 3
19124 3
38154 3
1223 3
45244 3
13515 3
45385 3
6908 3
26307 3
19701 3
6238 3
35380 3
2541 3
6337 3
46731 3
23142 3
6452 3
33325 3
191 3
28307 3
32703 3
38794 3
5853 3
5911 3
4890 3
2009 3
17660 3
33941 3
3351 3
5358 3
7421 3
15370 3
6354 3
30235 3
14136 3
7134 3
1785 3
7697 3
44016 3
46016 3
5159 3
42996 3
30922 3
41920 3
19090 3
283 3
5375 3
614 3
8775 3
25302 3
48185 3
47358 3
3415 8
45225 3
26607 3
34503 3
391 3
8905 3
4749 3
211 3
37042 3
33413 3
4323 3
13267 3
28716 3
43268 3
23688 3
41361 3
655 3
18064 3
45190 3
28218 3
4206 3
46370 3
13151 3
6932 3
539 3
8826 3
13218 3
14656 3
21838 3
14973 3
20367 3
14126 3
19924 3
46075 3
370 3
33223 3
8726 3
18065 3
1945 3
15742 3
36466 3
19133 3
44190 3
30414 3
31922 3
28368 3
1011 3
37877 3
36543 3
4925 3
6738 3
9212 3
23017 3
32088 3
20212 3
47418 3
37623 3
10932 3
4018 3
13002 3
3921 3
3298 3
28968 3
8782 3
5585 3
37095 3
4439 3
15976 3
7838 3
2881 3
2928 3
12110 3
7500 3
6160 3
23162 3
52 3
1990 3
5829 3
8631 3
15002 3
25434 3
46737 3
46991 3
11763 3
44462 3
9594 3
6014 3
3829 3
33693 3
7480 3
12045 3
8039 3
5603 3
21957 3
8618 3
6777 3
6626 3
8976 3
6530 8
9108 3
5549 3
9673 3
22763 3
45796 3
25970 3
35272 3
31886 3
25417 3
47132 3
25586 3
40264 3
29778 3
14065 3
43380 3
6471 3
25229 3
6871 3
19350 3
1705 3
6408 3
35690 3
13122 3
8871 3
46826 3
9475 3
6250 3
47008 3
3273 3
14382 3
9605 3
6103 3
10104 3
3704 3
4069 3
3947 3
11198 3
2899 3
38220 3
18180 3
33905 3
30647 3
38494 3
5109 3
14216 3
2564 3
9356 3
15721 3
45240 3
4994 3
19074 3
5441 3
4871 3
3181 3
34644 3
45804 3
8531 3
11373 3
162 3
4566 3
17643 3
31708 4
10398 3
12504 3
3549 3
10869 3
121 3
4768 3
4873 3
6826 3
5085 3
3949 3
18015 3
4385 3
36713 3
28139 3
7797 3
2668 3
3810 3
18480 3
8660 3
47651 3
692 3
6099 3
43619 3
26541 3
3840 3
4233 3
4081 3
15146 3
8232 3
3294 3
30816 3
18722 3
15443 3
38392 3
25549 3
2886 3
8833 3
19132 3
3425 3
21870 3
5520 3
6472 3
22734 3
6319 3
5629 3
7911 3
38843 3
19056 3
43302 3
18116 3
13261 3
7020 3
30026 3
23455 3
42984 3
46754 3
32606 3
34808 3
2552 3
3639 3
35978 3
5974 3
13160 3
34125 3
3026 3
5546 3
4703 3
5015 3
1113 3
25878 3
1399 3
23998 3
48347 3
5250 3
1702 3
13865 3
24820 3
47025 3
19059 3
11016 3
7125 3
48561 3
33525 3
18566 3
9172 3
7106 3
2797 3
44543 3
47995 3
45008 3
7082 3
30057 3
7830 3
36350 3
15522 3
46621 3
4235 3
34775 3
6216 3
22198 3
3342 3
32015 3
42609 3
44152 3
21441 3
4943 3
14486 3
18313 3
7291 3
13751 3
36800 3
40254 3
1059 3
33464 3
21129 3
4889 3
37582 3
30599 3
41673 3
4982 3
27736 3
18449 3
284 3
17507 3
4057 3
24799 3
3994 3
4208 3
23874 3
9726 3
15548 3
45357 3
18842 3
39990 3
6131 3
2904 3
48503 3
22619 3
10187 3
2574 3
6212 3
35946 3
14588 3
34786 3
13954 3
37651 3
27657 3
41962 3
29129 3
3561 3
48322 3
4895 3
5393 3
1970 3
45257 3
33736 3
64 3
38262 3
12966 3
47120 3
15550 3
5382 3
46763 3
23418 3
45737 3
4674 3
19232 3
1477 3
27668 3
34699 3
3293 3
14840 3
6652 3
42252 3
23691 3
25492 3
12970 3
4315 3
8530 3
33261 3
12867 3
13241 3
2464 3
3118 3
22966 3
24146 3
43160 3
12540 3
11520 3
5342 3
9706 3
2470 3
30503 3
32315 3
1237 3
11726 3
19454 3
25454 3
9525 3
46690 3
15592 3
7332 3
45270 3
29318 3
8123 3
40055 3
4796 3
5221 3
6161 3
7553 3
39486 3
39488 3
33200 3
22424 3
6629 3
25441 3
38246 3
2697 3
6042 3
35547 3
8227 3
5523 3
1513 3
21772 3
13946 3
7155 3
46486 3
10214 3
35374 3
37357 3
16056 3
7996 3
24733 3
4795 3
13146 3
4525 3
6243 3
12287 3
15357 3
6363 3
41652 3
30471 3
4046 3
6326 3
2384 3
3680 3
5437 3
5152 3
26729 3
3887 3
2931 3
39939 3
6005 3
5788 3
11723 3
33346 3
7277 3
30859 3
9097 3
8504 3
45120 3
29021 3
22486 3
3465 3
5126 3
2563 3
3186 3
23110 3
6953 3
40067 3
29087 3
30127 3
20197 3
7192 3
1003 3
46509 3
24099 3
3749 3
3431 3
35870 3
13614 3
2313 3
6057 3
20129 3
45150 3
19447 3
928 3
40570 3
28181 3
48368 3
20711 3
40288 3
27616 3
32422 3
13889 3
48221 3
9227 3
40131 3
783 3
12580 3
5905 3
14231 3
44148 3
15671 3
33921 3
13881 3
18339 3
44009 3
4106 3
18219 3
13349 3
3477 3
14274 3
23840 3
45009 3
45510 3
14700 3
4853 3
4482 3
4346 3
47074 3
4214 3
46663 3
15126 3
22593 3
2691 3
13135 3
5230 3
14362 3
4443 3
48459 3
26960 3
193 3
4809 3
579 3
46025 3
16398 3
1272 3
5983 3
4675 3
4052 3
18552 3
10114 3
6824 3
4168 3
9913 3
15309 3
1458 3
708 3
3106 3
6356 3
5404 3
3383 3
13803 3
24143 3
47627 3
43007 3
14057 3
2866 3
40286 3
46005 3
27717 3
34827 3
5118 3
27709 3
46003 3
42321 3
16113 3
37553 3
4781 3
4432 3
30412 3
1313 3
30337 3
46061 3
13119 3
13335 3
20270 3
8135 3
30867 3
1425 3
58 3
7700 3
40451 3
29124 3
15843 3
1840 3
23071 3
4266 3
18126 3
17165 3
5811 3
13249 3
43861 3
4146 3
5752 3
11560 3
949 3
39575 3
25927 3
2670 3
5355 3
45333 3
7649 3
6996 3
47734 3
667 3
46161 3
40271 3
48133 3
30294 3
22199 3
38791 3
46200 3
4244 3
21285 3
39937 3
10343 3
23799 3
2265 3
23669 3
38913 3
17905 3
19038 3
3693 3
368 3
6067 6
15929 3
13024 3
12037 3
19322 3
45645 3
5708 3
5894 3
22371 3
4484 3
19707 3
26375 3
4850 3
772 3
44144 3
30129 3
25632 3
4681 3
33925 3
6748 3
40915 3
48433 3
5045 3
42807 3
31779 3
618 3
371 3
30308 3
44179 3
13758 3
45895 3
4448 3
9319 3
11141 3
39988 3
5364 3
4155 3
10182 3
7033 3
28412 3
13986 3
38025 3
37606 3
21402 3
47648 3
23692 3
7839 3
26439 3
22091 3
39077 3
5721 3
9038 3
38568 3
11378 3
2412 3
39370 3
15556 3
19448 3
7235 3
25540 3
36719 3
35025 3
16017 3
38070 3
4072 3
28185 3
3007 3
29075 3
8362 3
4831 3
11526 3
5055 3
31676 3
47363 3
36388 3
24846 3
18394 3
2671 3
4353 3
12422 3
13691 3
5473 3
18586 3
13671 3
14643 3
45448 3
30465 3
9864 3
4137 3
37185 3
28175 3
7828 3
46508 3
5452 3
9252 3
2230 3
27772 3
32294 3
19349 3
15689 3
18938 3
30137 3
37 3
47922 3
8727 3
22959 3
9164 3
39473 3
46776 3
7127 3
30118 3
36758 3
43967 3
42815 3
5052 3
5893 3
24726 3
42925 3
15913 3
5157 3
1555 3
12831 3
13842 3
34745 3
25910 3
42860 3
17758 3
8113 3
44641 3
12272 3
8329 3
14530 3
36966 3
5324 3
4861 3
3204 3
2020 3
713 3
4918 3
3824 3
31493 3
6872 3
22387 3
2571 3
31843 3
22410 3
42599 3
18944 3
168 3
11895 3
17276 3
21066 3
44329 3
37050 3
7153 3
43911 3
30484 3
8509 3
9997 3
290 3
384 3
48055 3
3175 3
14367 3
27685 3
1096 3
6120 3
14143 3
5417 3
5418 3
14342 3
34069 3
16143 3
44735 3
45273 3
7785 3
9975 3
40496 3
19630 3
8416 3
27988 3
5677 3
9764 3
3283 3
25226 3
1624 3
38799 3
2860 3
42922 3
30780 3
6545 3
14932 3
2399 3
10913 3
523 3
38754 3
8013 3
5674 3
19003 3
45505 3
1728 3
11647 3
3592 3
6004 3
6186 3
15429 3
38704 3
4813 3
38452 3
33449 3
3503 3
48277 3
20183 3
6604 3
41739 3
6868 3
19792 3
48202 3
6554 3
4826 3
43149 3
23682 3
12177 3
33800 3
22900 3
45560 3
36336 3
1080 3
3498 3
8164 3
10292 3
498 8
14150 3
33600 3
42467 3
11368 3
7093 3
2307 3
4798 3
18916 3
3895 3
20975 3
43053 3
3270 3
8422 6
19005 3
12438 3
5787 3
44881 3
8579 3
12505 3
4416 3
2580 3
3552 3
7610 3
33113 3
3089 3
36723 3
18393 3
28205 3
18669 3
12373 3
32568 3
5276 3
12491 3
47728 3
22228 3
42942 3
22223 3
406 3
34297 3
20735 3
30116 3
16968 3
7024 3
35344 3
4395 3
27726 3
10178 3
37852 3
36604 3
1824 3
35676 3
781 3
12503 3
8156 3
37313 3
24156 3
35735 3
47193 3
33574 3
3119 3
28771 3
22536 3
8230 3
45329 3
6988 3
46133 3
27976 3
977 3
43682 3
34598 3
17891 3
8889 3
6129 3
985 3
2839 3
10496 3
4373 3
48391 3
30400 3
1088 3
1424 3
45782 3
24814 3
43869 3
3905 3
9574 3
3538 3
39475 3
14857 3
10713 3
9912 3
43642 3
20298 3
25357 3
14300 3
5046 3
27583 3
44471 3
43626 3
28556 3
42733 3
11537 3
33686 3
14271 3
12434 3
2457 3
5694 3
2242 3
39503 3
6828 3
16345 3
3087 3
13110 3
12724 3
6089 3
3654 3
38491 3
15386 3
5907 3
16076 3
6660 3
29274 3
1565 3
1666 3
22357 3
28183 3
44921 3
38081 3
6071 3
18548 3
26656 3
29060 3
22920 3
4156 3
34079 3
8505 3
11832 3
4545 3
45625 3
47000 3
30068 3
31990 3
13616 3
13296 3
7274 3
2381 3
28942 3
8064 3
770 3
15331 3
40013 3
629 3
3510 3
42589 3
4470 3
13608 3
18037 3
4341 3
34589 3
3324 3
711 3
4136 3
1596 3
12341 3
4380 3
4117 3
15515 3
5127 3
43560 3
7241 3
8646 3
43699 3
20747 3
17667 3
5177 3
2694 3
10181 3
43221 3
16623 3
3788 3
42009 3
35053 3
6634 3
14131 3
867 3
1025 3
38923 3
152 3
7859 3
7382 3
1097 3
48410 3
36537 3
3120 3
34514 3
29441 3
9241 3
46906 3
42713 3
30874 3
4180 3
7707 3
4310 3
32543 3
39871 3
36655 3
47614 3
5985 3
31839 3
36092 3
33618 3
43891 3
2129 3
1105 3
31894 3
3784 3
23873 3
46620 3
6295 3
38371 3
29889 3
9736 3
36229 3
28962 3
21136 3
1841 3
4794 3
1326 3
12694 3
15388 3
2883 3
8015 3
44285 3
5432 3
25765 3
12866 3
4913 3
47107 3
5631 3
2251 3
1773 3
4502 3
5580 3
47503 3
150 3
3124 3
22853 3
6360 3
4845 3
23080 3
34126 3
29674 3
20772 3
13147 3
1813 3
38330 3
16428 3
3572 3
18389 3
15878 3
24694 3
2398 3
902 3
8887 3
16821 3
7548 3
45046 3
28871 3
16138 3
23410 3
12319 3
35718 3
47815 3
2763 3
7207 3
22938 3
34568 3
9962 3
15488 8
8754 3
48437 3
4479 3
42041 3
4406 3
14899 3
19512 3
48552 3
18973 3
26570 3
12043 3
575 3
37406 3
40375 3
18154 3
22348 3
3833 3
378 3
13968 3
3807 3
623 3
10757 3
3937 3
13925 3
184 3
33060 3
7487 3
20785 3
22495 3
35127 3
8191 3
32600 3
6162 3
4624 3
1352 3
3419 3
11186 3
2849 3
4325 3
35408 3
3605 3
8786 3
28380 3
8303 3
4338 3
39895 3
767 3
13642 3
41771 3
28510 3
6347 3
5305 3
8030 3
3961 3
10934 3
16701 3
43166 3
6189 3
4467 3
8759 3
19122 3
4319 3
3459 3
37000 3
29182 3
34154 3
14839 3
15110 3
18686 3
3774 3
30587 3
18220 3
3267 3
5389 3
18096 3
13334 3
10638 3
25619 3
4941 3
15141 3
4662 3
20002 3
5657 3
3662 3
40203 3
2089 3
19293 3
13127 3
27562 3
7529 3
40456 3
46566 3
22236 3
22851 3
20196 3
36968 3
4289 3
10324 3
7479 3
32094 3
2002 3
3661 3
13245 3
23360 3
24925 3
32152 3
5433 3
46689 3
8687 3
48364 3
5727 3
10595 3
1993 3
5652 3
8636 3
25541 3
41122 3
29888 3
18769 3
13867 3
4345 3
21891 3
17330 3
14884 3
11012 3
17230 3
13350 3
28964 3
609 3
42360 3
18005 3
6062 3
42148 3
17723 3
22749 3
5841 4
14035 3
33435 3
2155 3
4709 3
13062 3
9635 3
4957 3
1044 3
12266 3
30396 3
10822 3
8752 3
3703 3
25053 3
4354 3
12591 3
1191 3
5422 3
4829 3
13032 3
34006 3
3722 3
7974 3
40787 3
42181 3
20031 3
48163 3
45271 3
41942 3
39102 3
7130 3
33634 3
19432 3
19898 3
40533 3
8648 3
11307 3
37821 3
47998 3
8802 3
34507 3
46897 3
20652 3
45242 3
12711 3
4821 3
29808 3
31800 3
4140 3
19900 3
24825 3
13409 3
29923 3
4272 3
30122 3
4818 3
12227 3
20683 3
14104 3
6651 3
21925 3
7835 3
30649 3
7563 3
12600 3
17698 3
14573 3
15851 3
25278 3
30844 3
8733 3
2984 3
24171 3
13750 3
12960 3
6085 3
8458 3
30655 3
2263 3
4852 3
25205 3
8735 3
26211 3
42093 3
6905 3
13088 3
44923 3
8229 3
41731 3
19325 3
40000 3
21932 3
13322 3
47406 3
30727 3
24929 3
18868 3
6495 3
20446 3
7197 3
17708 3
11963 3
15373 4
39587 3
19672 3
13692 3
19697 3
6113 3
10287 3
26022 3
7105 3
28710 3
3832 3
30992 3
20260 3
5831 3
27909 3
23045 3
30032 3
16147 3
32059 3
30392 3
44962 3
23522 3
36216 3
3139 3
18187 3
30650 3
40803 3
37939 3
10191 3
35945 6
41788 3
22986 3
26144 3
19082 3
14117 3
28973 3
13090 3
33579 3
27875 3
45626 3
18369 3
43420 3
22585 3
30489 3
47999 4
14850 3
31542 3
45214 3
41973 3
31255 3
47117 3
28736 3
7872 3
18413 3
21232 3
23580 4
19903 3
1981 3
13907 3
13317 3
10295 3
45783 3
43640 3
42511 3
20451 3
2679 3
14038 3
33529 3
29126 3
11416 3
15810 3
47083 3
27125 3
33977 3
41255 3
28592 3
17335 4
15950 3
8166 3
31968 3
1717 3
27912 3
28141 3
7870 3
39723 3
1688 3
21985 3
37665 3
8847 3
7822 3
12326 3
4839 3
28125 3
17975 4
10047 3
30498 3
26496 3
15437 3
3685 3
29998 3
1244 3
22445 3
15613 3
17861 3
38768 3
43394 3
33328 3
26585 3
19853 3
40832 3
11197 3
11076 3
18359 3
17965 3
27572 3
38785 3
8565 3
43501 3
19817 3
32551 3
27332 3
33284 3
27827 3
585 3
41380 3
3417 3
45622 3
18787 3
7730 3
8776 3
20163 3
12173 3
39362 3
44350 3
23651 4
4419 3
2189 3
15302 3
40984 3
47731 3
34272 3
33483 3
11872 3
26513 3
18551 8
37713 3
24955 3
30027 3
30654 3
34710 3
31564 3
24341 3
34174 3
2751 3
11272 3
3073 3
44797 3
29971 3
34950 3
25347 3
17741 3
886 3
4465 3
6963 3
20432 3
36351 3
7352 3
7979 3
1055 3
12355 3
29166 3
4209 3
4280 3
14623 3
18371 3
33939 3
43222 6
12004 6
6681 6
30743 6
8293 6
9432 6
39954 6
36253 6
3593 6
2063 6
39105 6
26796 6
41741 6
36109 6
38409 6
14142 6
38671 6
37530 6
6308 6
25883 6
31184 6
48483 6
36904 6
16167 6
41249 6
15169 6
29265 6
37637 6
36579 6
25881 6
47407 6
17781 6
41787 6
36332 6
4094 6
36249 6
8601 6
26648 6
19499 6
7169 6
32337 6
20154 6
14694 6
19640 6
15455 6
15456 6
20433 6
32671 6
12433 6
47384 6
7962 6
16170 6
36110 6
38248 6
34105 6
43734 6
34682 6
1929 4
7419 6
39051 6
20625 6
22987 6
3127 6
15426 6
15907 6
14233 6
15125 6
37529 6
36115 6
41914 6
20340 6
19198 6
34104 6
2421 6
7261 6
9169 6
5951 6
4372 6
38697 6
42092 6
12063 6
17572 6
34480 6
34147 6
30619 6
42498 6
44070 6
14285 6
3169 6
6924 6
38003 6
26128 6
5725 6
46861 6
17455 6
14407 6
8332 6
39836 6
25362 6
41331 6
4238 6
35006 6
10666 6
11217 6
28444 6
21442 6
34109 6
5800 6
24587 7
29392 7
42227 7
19154 7
19011 7
24431 7
1854 7
1855 7
1853 7
31275 7
29393 7
1858 7
15112 7
9992 7
6969 7
42128 7
4265 7
7721 7
9016 7
1851 7
23812 7
44246 7
24585 7
34837 7
9808 7
927 4
195 4
7 4
347 4
11220 4
1505 4
759 4
249 4
2 4
30 4
1918 4
22 4
2925 4
670 4
1786 4
173 4
1451 4
153 4
2518 4
2616 8
863 4
49 4
176 4
142 4
112 4
14 4
98 4
456 8
3740 8
1307 4
6861 4
144 4
995 4
825 4
1848 4
5110 8
1774 4
388 4
269 4
2210 4
327 4
44 4
3403 8
1711 4
12 4
5591 4
1416 4
1333 4
3708 4
236 4
5280 4
1024 8
194 4
3033 8
264 4
5622 4
63 4
580 4
2167 4
4202 4
185 4
128 4
1305 4
329 4
238 4
605 4
833 4
983 4
426 4
117 4
1008 4
7118 4
1146 4
253 4
3048 4
48 4
518 4
14269 4
416 4
1212 4
26 4
274 4
1524 4
970 4
2278 4
16589 4
616 4
254 4
314 4
822 4
504 4
524 4
862 4
8281 4
2017 4
35538 4
1481 4
3217 4
2336 4
27560 4
8095 4
18084 4
27407 4
21374 4
31361 4
24580 4
7535 4
11394 4
16771 4
5815 4
16775 4
10739 4
21986 4
39 4
34398 4
11205 4
32885 4
8086 4
16531 4
2283 8
1621 4
399 4
8389 4
34137 4
1318 4
178 4
39779 4
651 4
21568 4
1181 4
2935 4
7927 4
2046 4
29895 4
16361 4
10874 4
469 4
1726 4
392 4
1370 4
16988 8
946 4
16068 4
25503 4
18045 4
24393 4
2092 4
15005 4
1200 4
1461 4
29887 4
520 4
2648 4
13904 4
36417 4
25344 4
17441 4
12069 4
1790 4
16570 4
16273 4
21559 4
10702 4
1092 4
8027 4
21240 4
23652 4
10468 4
39777 4
37302 4
29715 4
21637 4
22013 4
47230 4
10008 4
10009 4
27442 4
20379 4
32852 4
1911 4
1643 4
641 4
10475 4
10474 4
35435 4
97 4
10517 4
34708 4
44101 4
21032 4
4596 4
25688 4
22300 4
5332 4
8400 4
2211 4
1437 4
31653 4
37892 4
11289 4
43586 4
34400 4
29342 4
1956 4
39778 4
21208 4
17457 4
41286 4
21608 4
11203 4
27567 4
13723 4
16850 4
43296 4
36961 4
27004 4
30661 4
10711 4
42322 4
35529 4
2868 4
27152 4
1973 4
26682 4
36376 4
27917 4
37130 4
10774 4
2684 4
13441 4
24493 4
924 4
24899 4
4700 4
2274 4
3750 4
44967 4
11056 4
33073 4
22411 4
21094 4
21257 4
21422 4
3667 4
46282 4
1638 4
2690 4
6235 4
25794 4
753 4
2755 4
2031 4
17204 4
12091 4
2345 4
22119 4
16474 4
17533 4
35518 4
945 4
11439 4
11185 4
3763 4
17883 4
16703 4
30269 4
37137 4
1196 4
19563 4
1712 4
16805 4
23695 4
13566 4
39693 4
27473 4
235 4
42240 4
17721 4
17109 4
25024 4
38375 4
41594 4
23293 4
21483 4
2996 4
1602 4
26235 4
16818 4
21945 4
44056 4
21594 4
44551 4
27264 4
27548 4
21653 4
29435 4
26005 4
29746 4
35520 4
35438 4
57 4
31375 4
10930 4
10969 4
11602 4
86 4
519 4
10743 4
37552 4
39832 4
9303 4
15444 4
920 4
47889 4
10122 4
2752 4
30033 4
8407 4
24719 4
1800 4
27889 4
2888 4
37044 4
3797 4
27447 4
11556 4
6064 4
337 4
45408 4
30187 4
35794 4
11021 4
1837 4
27242 4
34314 4
21664 4
16994 4
48259 4
18815 4
28193 4
42294 4
21317 4
30170 4
37940 4
10199 4
39818 4
16861 4
11436 4
33418 4
17218 4
39213 4
43979 4
35095 4
5089 4
15394 4
16257 4
3253 4
29005 4
36359 4
5354 4
2081 4
36458 4
10793 4
34641 4
21913 4
33511 4
11825 4
818 4
11965 4
2352 4
17516 4
3655 4
4745 4
6571 4
23822 4
2015 4
31504 4
5282 4
12291 4
24617 4
18494 4
32854 4
2494 4
27715 4
36451 4
31437 4
24902 4
13598 4
45501 4
22094 4
16743 4
2893 4
8369 4
12391 4
14989 4
22272 4
30379 4
16801 4
29492 4
24595 4
31406 4
8021 4
29040 4
659 4
27533 4
24934 4
15239 4
16631 4
1649 4
1920 4
1937 4
29413 4
45923 4
11661 4
20428 4
9956 4
26544 4
23826 4
21632 4
11766 4
46283 4
21189 4
17767 4
13309 4
35714 4
23149 4
23839 4
17000 4
15286 4
23614 4
2758 4
21018 4
10149 4
2016 4
31508 4
31552 4
35389 4
1183 4
33092 4
522 4
10602 4
39028 4
40261 4
2258 4
41125 4
35464 4
16886 4
2423 4
10816 4
11269 4
1517 4
716 4
19994 4
27738 4
374 4
46278 4
23236 4
23617 4
2816 4
21973 4
12251 4
44081 4
25195 4
24915 4
4920 4
27518 4
258 4
34938 4
40674 4
39056 4
46850 4
21666 4
42940 4
20992 4
16825 4
16596 4
143 4
10457 4
42805 4
7931 4
50 4
24565 4
318 4
32465 4
1671 4
1585 4
13043 4
27455 4
48416 4
8287 4
1281 4
16791 4
21233 4
46279 4
17176 4
21231 4
29727 4
34248 4
24638 4
24684 4
21471 4
47941 4
10491 4
10117 4
7055 4
12400 4
10865 4
45090 4
46258 4
20290 4
855 4
21641 4
9822 4
8419 4
26453 4
15897 4
45058 4
17783 4
39310 4
27002 4
25680 4
26535 4
10933 4
851 4
29683 4
3686 4
43120 4
2941 4
35390 4
1048 4
26951 4
1083 4
1732 4
1210 4
17193 4
16491 4
41511 4
4211 4
32977 4
8076 4
32766 4
32872 4
6029 4
33179 4
7317 4
34153 4
12127 4
10631 4
41121 4
21152 4
10635 4
34223 4
358 4
1117 4
25939 4
20112 4
16727 4
10698 4
6 4
21494 4
27656 4
17056 4
33847 4
31626 4
10820 4
29797 4
29898 4
17253 4
35479 4
36363 4
33133 4
38 4
11552 4
27456 4
1656 4
24674 4
40294 4
41507 4
21052 4
37127 4
27664 4
935 4
10951 4
35369 4
966 4
1002 4
10753 4
17133 4
724 4
21694 4
33038 4
37136 4
479 4
24547 4
932 4
2268 4
123 4
44451 4
34211 4
11531 4
29535 4
40277 4
45784 4
17194 4
1804 4
27271 4
47349 4
21418 4
12187 4
10582 4
31490 4
584 4
21673 4
34280 4
19860 4
550 4
15751 4
10272 4
16921 4
2127 4
21579 4
333 4
11545 4
179 4
27424 4
12639 4
802 4
24974 4
32919 4
36318 4
41112 4
11799 4
311 4
21292 4
17518 4
29417 4
11308 4
44574 4
10943 4
14961 4
27777 4
7319 4
14522 4
40317 4
21310 4
31373 4
38634 4
10616 4
23221 4
40668 4
10986 4
17714 4
27378 4
16628 4
24583 4
17502 4
1381 4
17119 4
620 4
7968 4
31403 4
27340 4
37878 4
44562 4
5956 4
47497 4
24826 4
46343 4
17503 4
40710 4
12192 4
39866 4
2538 4
16763 4
10927 4
9856 4
34981 4
24840 4
15260 4
26767 4
17292 4
14320 4
25250 4
24438 4
38635 4
1150 4
18227 4
28635 4
36486 4
1780 4
7971 4
27494 4
22033 4
44986 8
32961 4
1287 4
25263 4
16590 4
35475 4
16786 4
7970 4
17104 4
43739 4
42536 4
42000 4
33061 4
35433 4
1475 4
21279 4
17199 8
23285 4
10966 4
33184 4
27317 4
38691 4
40702 4
37927 4
18911 4
24640 4
7972 4
7969 4
10598 4
46047 4
1604 4
22092 4
1295 4
43977 4
36228 4
29404 4
9656 4
1184 4
21180 4
13535 4
8019 4
42189 4
42555 4
39191 4
39190 4
42188 4
747 4
15045 4
36506 4
9246 4
1174 4
459 4
42211 4
11840 4
27550 4
33064 4
37076 4
47759 4
21205 4
16800 4
11201 4
27285 4
1708 4
21116 4
10738 4
42533 4
32363 4
32426 4
40248 4
11212 4
17187 4
31503 4
34321 4
21710 4
23535 4
16887 4
23658 4
11032 4
41878 4
35624 4
17422 8
4953 4
7095 4
27839 8
33841 4
23715 4
18312 4
22630 4
28840 4
32981 8
6219 4
25858 4
43508 4
15683 4
6837 4
33994 4
37673 4
32297 4
28375 4
37007 4
5702 4
18881 4
24223 4
43315 4
2776 4
2012 4
30584 4
34635 4
32971 4
27270 4
876 4
1438 4
11713 4
25100 4
29586 4
950 4
8874 4
43325 4
38672 4
44836 4
1615 4
23554 4
1229 4
12277 4
16997 4
18184 4
395 4
2850 4
29805 4
40694 4
1115 4
46113 4
29999 4
24668 4
21260 4
15813 4
821 4
832 4
18284 4
27301 4
23542 4
43336 4
27375 4
17164 4
1792 4
27405 4
10530 4
31220 4
31417 4
31669 4
29542 4
22032 4
3322 4
1108 4
21423 4
1221 4
17582 4
34295 4
27299 4
1823 4
31611 4
29310 4
20108 4
40700 4
24288 4
37093 4
31284 4
31577 8
8024 4
10662 4
31500 4
11069 4
7951 4
84 4
75 4
42509 4
16852 4
34327 4
23564 4
1423 4
1746 4
303 4
10482 4
43770 4
10503 4
14968 4
35399 8
3060 4
16982 4
1980 4
2873 4
612 4
11420 4
38526 4
24968 4
43075 4
1654 8
44811 8
7843 8
12412 8
9086 8
17598 8
33168 8
9799 8
1546 8
2255 8
43790 8
15835 8
2422 8
40208 8
10921 8
7754 8
34351 8
23263 8
37522 8
14654 8
1373 8
29170 8
23897 8
31594 8
45899 8
33741 8
14451 8
24878 8
43258 8
16085 8
30846 8
14943 8
46545 8
2915 8
40720 8
31325 8
8653 8
5684 8
5228 8
1345 8
13724 8
11018 8
42470 8
40358 8
41617 8
34712 8
30880 8
7408 8
20911 8
20695 8
3754 8
2376 8
1302 8
13494 8
23414 8
9928 8
7085 8
15158 8
13408 8
1377 8
5892 8
101 8
20794 8
13281 8
17001 8
2565 8
10302 8
30281 8
16192 8
7861 8
27148 8
43582 8
10937 8
2979 8
9632 8
6069 8
16483 8
8398 8
3360 8
12940 8
844 8
14738 8
38098 8
19391 8
23551 8
40421 8
43715 8
14328 8
29638 8
3689 8
9407 8
29029 8
15314 8
18699 8
24407 8
17825 8
23220 8
16084 8
43493 8
2308 8
29387 8
11494 8
6959 8
11395 8
16023 8
648 8
40211 8
2992 8
11362 8
2980 8
15219 8
673 8
21192 8
20873 8
10486 8
24498 8
8330 8
47854 8
28914 8
10558 8
26304 8
13393 8
7800 8
12009 8
4433 8
1298 8
9216 8
1241 8
26552 8
39332 8
28166 8
11495 8
646 8
21500 8
46588 8
34333 8
3288 8
3990 8
3278 8
16854 8
20170 8
28762 8
48385 8
24098 8
18387 8
34086 8
163 8
41786 8
43969 8
2394 8
2993 8
33698 8
27652 8
30010 8
20966 8
635 8
5804 8
14992 8
40215 8
8112 8
13407 8
1259 8
11406 8
33460 8
6080 8
2968 8
10435 8
4835 8
25844 8
5563 8
25159 8
5755 8
6880 8
10841 8
7512 8
8401 8
11456 8
18650 8
2434 8
9662 8
24503 8
2432 8
2754 8
3958 8
28407 8
7404 8
24323 8
33437 8
2569 8
23670 8
1222 8
38516 8
9849 8
20281 8
34191 8
6805 8
10054 8
34729 8
26636 8
10175 8
1331 8
11402 8
13786 8
4968 8
9029 8
27468 8
14950 8
25594 8
14812 8
43483 8
29793 8
10689 8
10998 8
1269 8
18334 8
6056 8
32966 8
32249 8
425 8
20167 8
17002 8
11463 8
1772 8
21259 8
45791 8
13717 8
453 8
12981 8
43260 8
32448 8
11588 8
14650 8
18147 8
1266 8
23821 8
14174 8
17113 8
2208 8
13150 8
14867 8
3052 8
17833 8
10781 8
46925 8
23910 8
43975 8
41485 8
33267 8
27705 8
3974 8
10894 8
11754 8
37187 8
5229 8
13042 8
19975 8
42611 8
17838 8
2688 8
11257 8
2320 8
686 8
1622 8
29235 8
12182 8
3132 8
111 8
37222 8
4722 8
44620 8
17448 8
24441 8
24721 8
11122 8
20604 8
15605 8
35542 8
48244 8
27042 8
35398 8
28223 8
15431 8
16339 8
26553 8
5972 8
13658 8
7745 8
21092 8
11503 8
2413 8
429 8
47246 8
30805 8
24408 8
36008 8
46315 8
23777 8
19752 8
12168 8
10120 8
7986 8
38286 8
4219 8
16855 8
30912 8
31680 8
32980 8
9629 8
10194 8
25905 8
17994 8
10688 8
44275 8
12230 8
17149 8
11000 8
46380 8
7409 8
9923 8
20520 8
44604 8
48333 8
26301 8
6225 8
21173 8
17468 8
15629 8
38912 8
13027 8
14265 8
23194 8
26946 8
32984 8
15514 8
12017 8
13342 8
24732 8
34542 8
35457 8
13371 8
33526 8
1740 8
10454 8
3085 8
22001 8
19486 8
31770 8
30002 8
31647 8
10722 8
27374 8
35087 8
40379 8
14592 8
7427 8
30614 8
8334 8
26183 8
40637 8
23262 8
23855 8
6881 8
9748 8
24815 8
24701 8
20784 8
40733 8
36125 8
12290 8
15395 8
21448 8
1306 8
46954 8
15850 8
32575 8
7982 8
24334 8
3161 8
5822 8
15852 8
27493 8
16024 8
15849 8
37002 8
17015 8
7245 8
4220 8
39752 8
16469 8
44938 8
20770 8
16025 8
32739 8
543 8
20790 8
17561 8
44652 8
6782 8
14951 8
644 8
21313 8
36801 8
40305 8
29314 8
32537 8
46645 8
15724 8
11387 8
47414 8
46181 8
27769 8
45469 8
39784 8
25139 8
35463 8
3264 8
40304 8
24944 8
16757 8
15516 8
26277 8
44446 8
29118 8
40076 8
32992 8
2922 8
36049 8
8574 8
40075 8
25499 8
18290 8
35536 8
17061 8
45204 8
2570 8
16641 8
32714 8
26477 8
27163 8
1292 8
7992 8
15723 8
2429 8
35505 8
32042 8
29569 8
21174 8
48074 8
30004 8
30746 8
32740 8
6222 8
7138 8
1699 8
4402 8
23668 8
47496 8
20533 8
30823 8
48258 8
36084 8
24062 8
32741 8
13392 8
24866 8
47464 8
48050 8
47010 8
22513 8
34439 8
21947 8
18027 8
10056 8
16223 8
31161 8
45079 8
15471 8
24228 8