10462 2
25946 8
7380 2
4821 2
5498 2
18041 2
2590 2
2607 8
35341 8
16882 2
21821 2
15771 0
4702 8
6419 2
8341 2
30969 2
23234 2
35475 2
6789 2
19790 2
7652 2
2711 2
13314 2
6419 0
3107 2
2580 8
6911 2
2438 2
5035 8
619 0
22065 2
8159 0
20041 2
2191 5
10182 2
376 2
6304 2
6257 2
998 2
8364 5
17309 2
34695 2
23567 0
1223 2
346 6
1902 2
21043 2
1604 0
1604 0
16118 2
4521 2
4480 0
5388 2
2380 2
5171 2
2291 2
30491 0
1622 2
18225 0
2634 0
14601 2
9653 2
5243 2
980 2
7690 7
5316 2
14601 2
11341 2
1529 2
2322 2
5124 2
6506 2
1207 2
5237 2
18272 2
1185 2
9856 0
16814 2
7941 3
6950 2
18219 2
27093 2
5065 2
33469 2
23941 2
21628 2
20923 2
8794 2
31285 2
24528 3
22685 2
12818 8
5535 4
1295 2
19630 2
24354 2
24352 2
13007 8
17304 2
15377 2
11029 2
27382 6
31480 2
29271 2
4806 2
19751 2
25897 0
24355 2
2583 8
25618 2
11900 2
22635 5
2439 4
27105 8
27292 2
6874 2
14312 2
16127 2
17243 2
16125 2
30317 2
33146 2
14795 2
25063 2
19918 2
22705 2
13329 2
22052 2
25686 2
14048 2
24045 2
10287 2
34843 0
7220 3
1297 8
1101 8
6301 0
13896 8
1079 0
22259 0
3521 0
2928 0
3464 0
5297 0
390 0
8576 0
2633 0
2469 0
6578 0
2213 0
1301 0
23492 0
11131 0
1297 8
649 8
1298 0
1812 0
5630 0
1814 0
1188 8
1549 0
425 0
561 0
10140 8
3422 0
1298 0
3638 0
1772 0
16098 0
243 0
18120 0
3521 0
2385 0
2989 0
764 0
1549 0
3490 0
260 8
1301 0
5474 0
3379 0
5821 0
459 0
3435 0
6325 0
1299 0
612 0
3458 0
10312 0
659 0
1893 0
1214 0
1300 0
3380 0
1188 0
258 0
1817 0
253 0
5296 8
17558 0
3272 0
4292 0
7143 0
1549 0
444 0
491 0
4425 0
1669 8
1904 0
1279 0
620 0
5094 0
15808 0
20414 0
1604 0
10170 0
7524 0
4176 0
18659 0
1549 0
8364 0
619 0
21891 0
619 0
21032 0
16290 0
1688 0
22602 0
5887 0
2498 0
29398 0
22153 0
1604 0
15044 0
15044 0
1604 0
321 0
6135 0
1604 0
5303 0
17148 0
6053 8
10227 0
2196 0
562 0
2279 0
14070 0
619 0
6816 0
30957 0
32131 0
4390 0
9612 0
4585 3
24812 0
19848 8
22219 0
4438 0
1368 0
17129 8
1643 0
6832 0
17056 0
5249 0
444 0
28096 0
1549 0
23507 0
4852 0
16702 0
11506 0
30268 0
17668 0
5476 0
3461 0
27656 0
25888 0
4673 0
11381 0
25888 0
10968 0
757 0
3275 0
13330 0
29980 0
755 0
12001 0
4463 0
12002 0
14153 0
4679 0
1190 0
8974 0
31272 0
23167 0
3423 0
3469 0
19662 0
18403 0
22696 0
8760 0
3812 0
2190 0
1302 0
29668 0
9967 0
1893 0
1549 0
19532 0
3273 0
2396 0
12214 0
6001 0
34152 0
29116 0
33611 0
13648 0
3375 0
29619 0
619 0
19341 0
19182 0
12563 0
30520 0
29018 0
5569 0
13962 0
28964 0
13892 0
30320 0
13227 0
13229 0
13230 0
23744 0
25887 0
21288 0
22069 0
28737 0
3423 0
27205 0
2416 4
17822 0
34760 0
24007 0
35533 0
7297 0
28616 0
35088 0
31800 0
27492 0
4293 0
5444 0
16622 0
15232 0
1238 0
13036 0
8926 0
5866 0
14512 0
8912 0
23024 0
2336 0
6298 0
8305 0
24428 0
28380 0
28209 0
15281 0
34503 0
12158 0
4755 0
28718 0
28330 0
9473 0
10708 0
18449 0
5231 0
20392 0
20478 0
23301 0
19864 0
1167 0
16277 0
28716 0
6608 0
19183 0
24051 0
11704 0
26248 0
9511 0
3674 0
29981 0
27539 0
5117 0
18981 0
34290 0
16572 8
2841 0
29142 0
35405 0
23189 0
3521 0
19603 0
12321 0
3382 0
5678 5
4320 5
9960 5
32955 5
964 5
4268 5
28016 5
132 5
15734 5
27715 5
34355 5
11923 5
10905 5
11529 5
4118 5
2401 5
964 5
1428 8
19093 5
1110 5
15140 5
20776 5
4412 8
8748 8
4173 8
376 5
2 5
237 5
32366 5
689 5
10387 5
681 5
10156 5
1448 8
7310 8
15540 5
370 5
10545 5
6034 5
12380 5
9382 5
3345 5
392 3
9594 3
11 3
4628 8
6036 5
16221 5
1035 3
894 3
2300 5
4364 5
2196 5
3429 8
1639 5
536 5
9028 5
26294 5
25326 5
4712 3
2295 8
278 5
2402 5
16381 5
1446 8
1194 3
249 5
371 5
1843 5
13895 5
30525 5
22292 5
12336 5
30593 5
11924 5
2188 5
5745 5
33014 5
29219 5
8810 5
8845 5
27029 5
6867 5
17437 5
1110 5
7145 5
27279 5
3914 5
27087 5
31553 5
9503 5
22207 5
33122 5
30381 5
23028 5
14442 5
20007 5
11648 5
27090 5
11921 5
32471 5
27089 5
34746 5
26758 5
23045 5
28665 5
12890 4
207 5
22147 5
3548 5
8 5
23030 5
10542 5
17224 5
15851 5
6080 5
20063 5
11273 5
30525 5
10500 5
24362 5
4139 1
8682 1
14393 1
266 1
6438 1
7943 1
34632 1
13243 1
12980 1
325 1
1236 1
14242 1
1451 1
2039 1
12854 1
20734 1
20772 1
3815 1
15775 1
1767 1
6534 1
6499 1
32714 1
16306 1
8366 1
21961 1
9540 1
25835 1
15413 1
6499 1
1389 1
141 1
1794 1
30413 1
20568 1
307 1
32408 1
266 1
10372 1
20319 1
16139 1
1147 1
4879 1
4275 1
10441 1
24820 1
25747 1
22535 1
14190 1
6323 1
26803 1
12874 1
7159 1
15384 1
8655 1
27654 1
8628 1
1568 1
20944 1
34104 1
21040 1
2444 1
29327 1
3788 1
32660 1
5216 1
19040 1
6192 1
22776 1
10558 1
1717 1
7880 1
29868 1
28425 1
8724 1
985 1
10589 1
6838 1
15384 1
19386 1
10758 1
14096 1
18319 1
30765 1
4695 1
9346 1
18106 1
29279 1
29152 1
21952 1
12257 1
23819 1
3788 1
18943 1
28345 1
266 1
3734 1
29261 1
3865 1
33981 1
11933 1
7159 1
17950 1
1717 1
6439 1
24889 1
1147 1
4879 1
25747 1
615 1
12980 1
6499 1
4286 1
4695 1
4139 1
34400 1
266 1
7799 1
26159 1
23618 1
14190 1
307 1
8715 1
3815 1
12980 1
14761 1
25792 1
17844 1
7880 1
28068 1
2281 1
16160 1
20291 1
25578 1
5274 1
7010 1
19040 1
22286 1
15400 1
28405 1
16110 1
24272 1
10504 1
34002 1
33897 1
20819 1
19346 1
25083 1
2478 1
9263 1
750 1
24413 1
14568 1
7070 1
26357 1
2341 1
3369 1
30111 1
6209 1
8433 1
25496 1
17075 1
21096 1
20495 1
32682 1
25924 1
15781 1
16503 1
4460 1
21418 1
2645 1
9664 1
28495 1
1977 1
5938 1
13238 1
10081 1
1725 1
16140 1
9000 1
7839 1
17151 1
23335 1
1049 1
32615 1
29967 1
6692 1
26722 1
24276 1
23339 1
21621 1
24830 1
29533 1
15373 1
6309 1
16813 1
28687 1
24975 1
13202 1
31657 1
3439 1
34071 1
15318 1
29298 1
8326 1
13203 1
3330 1
10289 1
14110 1
30432 1
18407 1
33922 1
1253 1
3662 1
14794 1
10758 1
19477 1
24838 1
13111 1
10758 1
14075 1
13046 1
14166 1
12048 1
22487 1
16217 1
23445 1
11881 1
14924 1
22319 1
1266 1
8498 1
11605 1
12983 1
20252 1
4290 1
16133 1
14382 1
30670 1
25644 1
30214 1
13109 1
20252 1
6534 1
22882 1
21097 1
9435 1
23266 1
31695 1
12847 1
12815 1
34216 1
17159 1
8422 1
33931 1
2446 1
26044 1
7639 1
19806 1
13199 1
35073 1
1267 6
22889 1
21974 1
10288 1
29587 1
30767 1
27444 1
12931 1
16662 1
27534 1
14418 1
7053 1
33750 1
21767 1
8326 1
34962 1
23059 1
32128 1
13201 1
6214 1
34349 1
25683 1
4166 1
31293 1
31513 1
2340 1
19039 1
20935 1
6534 1
12049 1
22773 1
30732 1
13207 1
13206 1
25549 1
32974 1
20095 1
20744 1
13205 1
23490 1
21095 1
23446 1
27648 1
22678 1
7942 1
33038 1
31256 1
30608 1
18308 1
16634 1
13200 1
13204 1
30146 1
33110 1
16072 1
465 1
12462 1
28827 1
8431 3
11479 3
7502 3
20948 3
21370 3
14123 3
16978 3
5740 3
2407 3
33406 3
16184 3
11232 3
10723 3
22759 3
5320 3
24850 3
14132 3
2200 3
26095 3
5440 3
24607 3
4585 3
17525 3
28897 3
33892 3
3770 3
32493 3
2073 3
3227 3
7050 3
34354 3
11061 3
16971 3
6055 3
13078 3
4830 3
1755 3
15123 3
4441 3
26386 3
6395 3
2106 3
9116 3
1661 3
2203 3
11 3
10684 3
3488 3
8554 3
35411 3
30043 3
4309 3
4950 3
2615 3
24828 3
473 3
4764 3
16576 3
129 3
5587 3
11150 3
11554 3
13150 3
11440 3
34874 3
16709 3
4714 3
3584 3
7353 3
4405 3
15357 3
13756 3
29352 3
122 3
6553 3
33433 3
3991 3
3018 3
24323 3
4294 3
34334 3
8665 3
12846 3
17493 3
33737 3
10173 3
4494 3
563 3
5615 3
6316 3
34012 3
34296 3
8758 3
5746 3
1137 3
9063 3
2197 3
5162 3
23870 3
23791 3
29462 3
1482 3
22372 3
33561 3
1899 3
7436 3
29888 3
12714 3
34183 3
22593 3
6997 3
2741 3
5908 3
3601 3
26352 3
33791 3
5980 3
7436 3
2219 3
3599 3
3806 3
35545 3
17629 3
24613 3
473 3
1103 3
9723 3
11447 3
15302 3
24746 3
30211 3
6313 3
10063 3
31448 3
4416 3
675 3
565 3
5363 3
10325 3
10808 3
10456 3
28024 3
3878 3
255 3
28624 3
11553 3
5132 3
16227 3
32266 3
11478 3
10692 3
11939 3
9659 3
20396 3
9951 3
11232 3
20347 3
6609 3
30252 3
6592 3
17025 3
13819 3
8173 3
11184 3
21947 3
35301 3
9985 3
12197 3
16849 3
17402 3
5782 3
10068 3
35397 3
5881 3
5127 3
17162 3
8844 3
585 3
8362 3
256 3
3966 3
6448 3
4506 3
5907 3
487 3
10454 3
18511 3
6577 3
11458 3
18662 3
10418 3
34008 3
12549 3
31648 3
1868 3
3353 3
3508 3
33025 3
828 4
392 3
22015 3
4072 3
29080 3
35567 3
676 3
13006 3
27137 3
13977 3
4083 3
25689 3
28086 3
12191 3
8266 3
32173 3
20464 3
4495 3
17970 3
34137 3
30523 3
19174 3
29624 3
31656 3
35000 3
17465 3
3939 3
34435 3
14725 3
85 3
6885 3
1073 3
6709 3
25730 3
3615 3
9694 3
2201 3
2356 3
19029 3
32141 3
4326 3
121 4
4192 3
8031 8
7050 3
33921 3
20332 3
17578 3
8788 3
22555 3
1242 3
3460 3
11917 3
11569 3
5602 3
30754 3
10371 3
15664 3
8930 3
5789 3
34885 3
2025 3
16680 3
19150 3
6782 3
3611 3
11342 3
6051 3
11137 3
9957 3
4841 3
31666 3
1302 3
2233 3
9292 3
2604 3
16588 3
6226 3
12403 3
1713 3
3348 3
27408 6
1069 3
1094 3
2990 3
28527 3
7684 3
6264 3
35384 3
32198 6
28852 3
19205 3
21229 3
9578 3
3510 3
879 3
28534 3
3878 3
15248 3
33950 3
15989 3
5435 3
6118 3
23128 3
33143 3
13066 3
9378 3
19119 3
7080 3
17231 3
17347 3
34973 3
31014 3
30557 3
1375 3
8811 3
24803 3
29979 3
30312 3
5040 3
1103 3
25883 3
9325 3
20981 3
34873 3
2260 3
2115 3
1302 3
11498 3
1595 3
17543 3
1084 3
1059 3
16021 3
8522 3
12535 3
22086 3
10868 3
15567 3
2654 3
33055 3
9655 3
31420 3
9702 3
16588 3
7335 3
1498 3
24548 3
344 3
11537 3
1998 3
3751 3
19465 3
4408 3
1384 3
12450 3
1901 3
26799 3
1775 3
8909 3
5565 3
2971 3
11114 3
21455 3
5418 3
2621 3
5025 3
1027 3
6463 3
14135 3
17130 3
12953 3
1073 3
9956 3
32185 3
33414 3
4465 3
28280 3
16821 3
16482 3
6824 3
568 3
8525 3
2236 3
6577 3
11207 3
10001 3
3414 3
5638 8
25472 3
8512 3
29742 3
392 3
34079 3
18626 3
164 3
27091 3
27388 3
3489 3
8063 3
4522 3
32810 3
23626 3
8453 3
1315 3
3071 3
33071 3
7505 3
3962 3
3784 3
26313 3
20287 3
2414 3
4432 3
20709 3
6188 3
31856 3
15720 3
5808 3
8553 3
34331 3
33415 3
2230 3
14715 3
29441 3
32588 3
19404 3
1690 3
22761 3
14527 3
35315 3
24483 3
26317 3
20 3
8660 3
2800 3
9515 3
2947 3
30034 3
6545 3
10283 3
23807 3
5800 3
25126 3
27698 3
10722 3
18969 3
13237 3
11472 3
12814 3
16883 3
5038 3
6132 3
4413 3
3706 3
14203 3
23329 3
8315 3
2143 3
2282 3
13627 3
6220 3
10332 3
514 3
2221 3
6230 3
20831 3
17492 3
19418 3
19130 3
33942 3
4200 3
32309 3
1716 3
256 3
2396 3
25017 3
2577 3
3217 3
5282 3
23154 3
2275 3
614 3
3656 3
29603 3
1564 3
1187 8
23163 3
4184 3
25601 3
35361 3
6835 3
24761 3
62 3
22613 3
12059 3
34828 3
27178 3
29138 3
18077 3
3753 3
31357 3
473 3
16289 3
6269 3
13821 3
11327 3
5098 3
24867 3
1375 3
76 3
31434 3
4605 3
6780 3
5814 3
26872 3
14646 3
7250 3
11566 3
8345 3
1176 3
1 3
11 3
9237 3
14526 3
6542 3
5648 3
19554 3
18968 3
28025 3
3347 3
9696 3
14681 3
10734 3
4494 3
8382 3
3880 3
9779 3
27004 3
6979 3
2604 3
24621 3
33722 3
19081 3
14439 3
4005 3
5443 3
13541 3
16229 4
4841 3
9636 3
13468 3
8120 3
274 3
301 3
6272 3
10490 3
22632 3
13723 3
27146 3
5160 3
25351 3
26353 3
5395 3
14450 3
2942 3
5896 3
6886 3
6619 3
613 3
6710 3
30225 3
26120 3
20413 3
3309 3
6054 3
33915 3
17032 3
3318 3
19765 3
12212 3
30574 3
8903 3
13855 3
786 3
662 3
26478 3
5095 3
292 3
26532 3
3676 3
6752 3
21331 3
10679 3
2876 3
28293 3
13765 3
28748 3
15758 3
27931 3
19730 3
33404 3
10962 3
5752 3
4200 3
18414 3
34073 3
1484 3
3239 3
25059 3
1896 3
34279 3
28441 3
11274 3
21322 3
6697 3
4589 3
136 3
17583 3
622 3
691 3
28670 3
18885 3
27358 3
3665 3
18734 3
34393 3
16320 3
3629 3
1871 3
6444 3
15407 3
17972 3
4789 3
2855 3
961 3
33860 3
35003 3
23432 3
4550 3
12899 3
59 3
25867 3
23343 3
33858 3
4506 3
10067 3
11495 3
2997 3
3408 3
9686 3
21641 3
33546 3
8758 3
1090 3
10063 3
7901 3
10063 3
5919 3
9862 3
16048 3
323 3
19648 3
12596 3
6451 3
27973 3
3709 3
30023 3
10912 3
9506 3
11455 3
59 3
13096 3
9831 3
10949 3
15001 3
13236 3
17759 3
15642 3
7449 3
33807 3
13742 3
30510 3
18419 3
17042 3
11699 3
10215 3
7382 3
14711 3
9985 3
25559 3
14405 3
2074 3
24965 3
16374 3
13115 3
12306 3
31910 3
4518 3
34829 3
9545 3
4618 3
4689 3
14927 3
17644 3
500 3
28093 3
24746 3
34367 3
7069 3
10538 3
14569 3
7068 3
9564 3
20 3
22475 3
2114 3
21482 3
23930 3
6777 3
30586 3
12166 3
30893 3
10241 3
17139 3
6313 3
1097 3
11347 3
26377 3
672 3
3082 3
222 3
4644 3
17120 3
11597 3
31368 3
4249 3
3143 3
6554 3
20697 3
6208 3
26880 3
22566 3
590 3
4774 3
6280 3
15073 3
8136 3
33509 3
16852 3
8734 3
32989 3
21252 3
5407 3
30809 3
5797 3
2538 3
6935 3
3718 3
17414 3
27431 3
23649 3
11399 3
4085 3
9662 3
23634 3
14136 3
5797 3
3615 3
34627 3
2464 3
29870 3
2055 3
10329 3
1036 3
19174 3
16557 3
17765 3
25293 3
5586 3
14270 3
21661 3
3274 3
414 3
2312 3
7040 3
5238 3
21644 3
4772 3
32529 3
27195 3
5817 3
6979 3
1258 3
2157 3
5713 3
5956 3
28854 3
5011 3
6953 3
26875 3
13234 3
8616 3
8222 3
1091 3
6685 3
17032 3
1441 3
24824 3
2073 3
20267 3
19494 3
5457 3
6346 3
5974 3
118 3
1611 3
4249 3
17757 3
21734 3
11975 3
6941 3
9006 3
5266 3
33997 3
32108 3
7037 3
3342 3
26555 3
30723 3
911 3
5737 3
33561 3
6580 3
19634 3
624 3
1868 3
24912 3
35263 3
10908 3
29493 3
32747 3
19764 3
9670 3
32069 3
4857 3
27164 3
3939 3
12477 3
6413 3
7098 3
31499 3
2180 3
4249 3
9801 3
9761 3
16216 3
4209 3
35455 3
10683 3
1069 3
7095 3
7955 3
8064 3
32741 3
6686 3
4525 3
114 3
3322 3
28978 3
5638 3
31754 3
10053 3
14614 3
13462 3
18810 3
12188 3
5422 3
13137 3
23075 3
19895 3
732 3
15378 3
1855 3
33046 3
14939 3
7686 3
1119 3
21441 3
16934 3
10516 3
13403 3
11573 3
27494 3
7562 3
1550 3
2826 3
38 3
15786 3
6466 3
3697 3
6066 3
11504 3
31870 3
24996 3
30712 3
21353 3
5684 3
4748 3
33323 3
11850 3
19692 3
5779 3
32622 3
32985 3
35398 3
21820 3
3729 3
456 3
4616 3
25119 3
27825 3
14373 3
33254 3
5973 3
1358 3
8172 3
4010 3
8961 3
4044 3
494 3
6580 3
6420 3
29430 3
4798 3
483 3
24858 3
8142 3
5509 3
7422 3
1112 3
15298 3
33021 3
5747 3
5492 3
11205 3
944 3
26512 3
30710 3
1073 3
28668 3
12782 3
1375 3
9087 3
34494 3
6076 3
10419 3
31147 3
35178 3
6420 3
6425 3
1498 3
10212 3
1813 3
2304 3
14650 3
29992 3
5905 3
4948 3
8061 3
27649 3
575 3
4409 3
19282 3
2231 3
14244 6
1140 3
8317 3
1990 3
8995 3
33065 3
31765 3
33903 3
34028 3
3739 3
15564 3
30187 3
5806 3
5982 3
31913 3
20662 3
22744 3
4270 3
32891 3
9888 3
20713 3
35493 3
7645 3
5282 3
20613 3
2176 3
1979 3
23611 3
31947 3
1849 3
31852 3
4559 3
2482 3
4571 3
27449 3
51 3
7732 3
5900 3
20705 3
24840 3
32718 3
27183 3
28335 3
1933 3
34638 3
10242 3
3267 3
30082 3
3624 3
5045 3
663 3
34279 3
2973 3
17266 3
611 3
29255 3
1610 3
4510 3
8659 3
3665 3
25615 3
1802 3
28569 3
34197 3
52 3
9650 3
2823 3
4771 3
6837 3
9738 3
5901 3
13673 3
18851 3
30918 3
9301 3
31336 3
5038 3
2462 3
12 3
22089 3
18937 3
3263 3
34625 3
3209 3
14701 3
32604 3
23251 3
7761 3
4727 3
28241 3
6878 3
3489 3
33996 3
5920 3
8514 3
11011 3
29204 3
25908 3
13820 3
8801 3
34515 3
4923 3
2467 3
34912 3
5458 3
22294 3
7703 3
28904 3
34204 3
12163 3
14915 3
11600 3
31721 3
31146 3
20 3
16908 3
26952 3
8788 3
9763 3
76 3
115 3
622 3
8524 3
28225 3
16646 3
31283 3
10039 3
34550 3
31443 3
19513 3
12954 3
8552 3
22769 3
2616 3
20265 3
8514 3
2243 3
12228 3
8624 3
8603 3
23247 3
12575 3
15127 3
6695 3
5175 3
11124 3
17158 3
14741 3
1550 3
8672 3
14970 3
9146 3
25638 3
29574 3
2460 3
26534 3
6221 3
1577 3
4950 3
2430 3
2090 3
6504 3
5399 3
22566 3
1520 3
5626 3
10036 3
4578 3
10630 3
1642 3
7473 3
33392 3
12333 3
1139 3
33074 3
27496 3
2079 3
29766 3
8424 3
4788 3
10417 3
5438 3
7208 3
3804 3
17499 3
3414 3
26605 3
14378 3
20343 3
30386 3
1564 3
2806 3
5123 3
5624 3
638 3
12840 3
6792 3
331 3
20633 3
32603 3
3194 3
2946 3
2077 3
3936 3
10330 3
4324 3
10061 3
5565 3
28854 3
22390 3
1497 3
22786 3
7184 3
6522 3
14933 3
1280 3
19920 3
34763 3
30636 3
3489 3
30768 3
29435 3
5623 3
25303 3
20053 3
4700 3
15876 3
3124 3
7534 3
6807 3
1061 3
488 8
12030 3
7630 3
29789 3
3656 3
1872 3
9413 3
3755 3
5247 3
15018 3
16401 3
33644 3
11457 3
1980 6
17074 3
8950 3
4711 3
31449 3
1690 3
4153 3
5732 3
1375 3
3892 3
23578 3
347 3
4777 3
24411 3
15253 3
22244 3
11917 3
18589 3
19476 3
706 3
26819 3
34834 3
25883 3
9577 3
8007 3
2035 3
23468 3
6208 3
17464 3
9254 3
1205 3
12711 3
10333 3
18498 3
5897 3
35454 3
8827 3
2761 3
24743 3
4099 3
9611 3
4878 3
27065 3
6445 3
29702 3
33695 3
3888 3
3246 3
7651 3
9553 3
1084 3
34953 3
34679 3
34068 3
11 3
2770 3
31437 3
34922 3
15322 3
4386 3
19599 3
11246 3
86 3
16487 3
21507 3
35449 3
32256 3
860 3
1790 3
32457 3
16435 3
32035 3
9388 3
7050 3
3135 3
28905 3
6566 3
86 3
11633 3
4408 3
6990 3
22876 3
4157 3
14279 3
16053 3
32386 3
31645 3
11411 3
31111 3
347 3
23283 3
9974 3
12959 3
1990 3
3257 3
861 3
16856 3
13660 3
7498 3
5923 3
28052 3
14377 3
26135 3
4043 3
28022 3
3530 3
3896 3
15403 3
14475 3
17423 3
1124 3
10673 3
10876 3
20675 3
32628 3
8260 3
1412 3
12952 3
15126 3
30348 3
27944 3
13305 3
17593 3
19836 3
3084 3
12211 3
33443 3
28547 3
17087 3
6218 3
13540 3
3473 3
343 3
30453 3
10605 3
960 3
5983 3
22365 3
30723 3
2743 3
4 3
31158 3
4011 3
21682 3
22090 3
1097 3
25983 3
4473 3
8172 3
12700 3
6078 3
11229 3
25777 3
1960 3
14013 3
11699 3
31151 3
4068 3
7586 3
5039 3
22926 3
12504 3
6879 3
13522 3
5903 3
31754 3
547 3
2298 3
3745 3
22379 3
5238 3
6688 3
2205 3
563 3
10051 3
897 3
11004 3
10005 3
199 3
35465 3
4754 3
455 3
24148 3
34154 3
6567 3
7261 3
17755 3
22692 3
11855 3
343 3
9650 3
31895 3
1233 3
5807 3
12778 3
5797 3
25816 3
3730 3
5036 3
3756 3
29705 3
1940 3
861 3
16532 3
15361 3
33622 3
6450 3
26114 3
3412 3
7190 3
25861 3
17599 3
13394 3
4534 3
13802 3
772 3
6568 3
3453 3
18203 3
6794 3
31250 3
6300 3
14818 3
670 3
11795 3
34209 3
2399 3
2027 3
88 3
2279 3
2197 3
414 3
2645 3
2859 3
20112 3
1230 3
21229 3
19543 3
11617 3
23108 3
16426 3
11517 3
2537 3
7107 3
32473 3
20 3
4840 3
365 3
19593 3
7932 3
12409 3
5759 3
2939 3
8267 3
32267 3
11805 3
12193 3
1119 3
3646 3
26338 3
15253 3
5095 3
496 3
8894 3
28522 3
5684 3
1551 8
12958 3
35500 3
6148 3
18868 3
4314 3
29455 3
10874 3
22703 3
32116 3
32953 3
11323 3
7830 3
23658 3
27609 3
28375 3
15110 3
1435 3
3443 3
11754 3
20 3
1496 3
4395 3
14746 3
5246 3
3071 3
25236 3
7784 3
12079 3
9077 3
13066 3
14576 3
21888 3
26318 3
8359 3
1091 3
15124 3
9904 3
30223 3
5602 3
815 3
3209 3
5672 3
10064 3
13766 3
7284 3
3209 3
2983 3
12304 3
27756 3
21877 3
10765 3
3611 3
3152 3
5880 3
1013 3
31290 3
35279 3
29859 3
6711 3
25641 3
2154 3
3489 3
786 3
458 3
4506 3
1203 3
3897 3
8424 3
14833 3
1100 3
11080 3
5602 3
1790 3
1713 3
25855 3
344 3
7898 3
7506 3
1594 3
5130 3
7532 3
6577 3
1131 3
24040 3
3109 3
1131 3
18886 3
375 3
16752 3
1690 3
32986 3
33114 3
9493 3
1073 3
14181 3
32020 3
33855 3
15944 3
6269 3
10693 3
2983 3
3936 3
13909 3
7499 3
3046 3
1131 3
12 3
30684 3
1124 3
35375 3
12188 3
9631 3
13551 3
4227 3
11 3
1084 3
27553 3
11261 3
13898 3
7437 3
11 3
9011 3
2083 3
22564 3
7837 3
2637 3
14889 3
20871 3
563 3
20870 3
29566 3
1084 3
7497 3
34837 3
7275 3
1131 4
2325 3
20346 3
2806 3
392 3
17501 3
8558 3
564 3
2371 3
26723 3
32140 3
6326 3
5130 3
706 3
18797 3
12 3
4114 3
274 3
3479 3
11 3
29687 3
11 3
496 3
26074 3
20678 3
30924 3
11734 3
34327 3
32902 3
29259 3
28229 3
9070 3
23419 3
15247 3
13937 3
30026 3
7335 3
8 3
23145 3
1802 3
5833 3
564 3
22694 3
15454 3
32715 3
23110 3
4841 3
14551 3
21906 3
3221 3
27965 3
22145 3
7591 3
9632 3
4476 3
29183 3
22344 3
3682 3
12064 3
15250 3
16822 3
10877 3
564 3
22823 3
30302 3
4643 3
3173 3
1589 3
11862 3
1991 3
19463 3
7278 3
12159 3
17988 3
13696 3
33716 3
3493 3
17368 3
17676 3
6040 3
16676 3
8476 3
7277 3
27591 3
5899 3
33631 3
26315 3
5234 3
17720 3
30075 3
34952 3
7474 3
17513 3
8911 3
34547 3
18987 3
21247 3
28840 3
27065 3
15310 3
6630 3
9782 3
7104 3
14261 4
19418 3
4844 3
6571 3
3884 3
6567 3
2143 3
590 3
14136 3
10605 3
255 3
8665 3
1176 3
14295 3
6148 3
2764 3
24880 3
32239 3
22792 3
8598 3
32793 3
17962 3
25841 3
6097 3
20489 3
22824 3
27552 3
21778 3
7508 3
25560 6
29311 3
14757 3
9741 3
9669 3
17814 3
19316 3
11783 3
24044 3
19314 3
33495 3
14036 3
31747 3
3485 3
4068 3
29524 4
30838 3
20546 3
33024 3
29749 3
23180 3
12841 3
21851 3
6745 3
12258 3
9198 3
18554 4
6806 3
15909 3
8820 3
10896 3
2327 3
22148 3
30572 3
28863 3
33680 3
9582 3
30021 3
2669 3
19278 3
8726 3
32281 3
19086 3
21068 3
8885 3
16856 3
11150 3
6035 4
12322 3
10227 3
23609 3
23684 3
20 3
16734 3
7659 3
28993 3
9397 3
6729 3
4269 3
1990 3
11416 3
18149 3
4030 3
25821 3
15021 4
6877 3
20447 3
16779 3
10628 3
2028 3
22199 3
17496 3
11121 3
1689 3
31561 3
35441 3
31644 3
24962 3
8947 3
9892 3
28032 3
9235 3
12707 3
6580 3
12409 3
3079 3
28364 3
4162 3
30206 3
7731 3
23366 3
6082 3
23422 3
17881 3
2783 3
28564 3
3362 3
33302 3
15108 3
12472 3
1090 3
19540 3
3223 3
26552 3
25566 3
11715 4
3338 3
1592 3
4270 3
19540 3
10365 3
24495 3
24487 3
10705 3
12473 3
25592 8
27644 3
20563 3
1713 3
17675 3
4 3
20555 3
17905 3
24942 3
3068 3
188 3
16854 3
21708 3
27135 3
23656 3
19621 3
13559 3
2760 3
16878 3
7501 3
5767 3
25868 3
13858 3
17206 3
13411 3
11104 3
20880 3
21627 3
17737 3
16188 3
14667 3
24101 3
29669 6
24694 6
25637 6
22845 6
2599 6
5032 6
25346 6
12176 6
1474 6
1538 6
23118 6
16901 6
30817 6
26226 6
27889 6
13270 6
25878 6
10280 6
11543 6
11134 6
22959 6
35530 6
26881 6
17454 6
13993 6
1538 6
5773 6
33993 6
27776 6
11136 6
24695 6
18859 6
29598 6
20111 6
3205 6
23902 6
27487 6
10295 6
33058 6
1132 6
13272 6
13993 6
15591 6
29223 6
4210 6
4211 6
4503 6
22066 6
1538 6
24693 6
4024 6
1538 6
29598 6
22301 6
24274 6
32013 6
33557 6
1270 4
16077 6
26640 6
15425 6
6645 6
1538 6
16860 6
8541 6
3724 6
26137 6
22962 6
25347 6
27067 6
35531 6
1538 6
24273 6
2996 6
1754 6
5459 6
16692 6
5802 6
28240 6
30991 6
27382 6
10600 6
25878 6
24155 6
15174 6
30473 6
32136 6
5159 6
3781 6
9667 6
23413 6
33557 6
11388 6
35343 6
12856 6
16693 6
28944 6
27382 6
25878 6
29751 6
6874 6
18983 6
953 6
12656 6
262 6
643 6
25073 6
6392 6
18051 7
18677 7
30956 7
1736 7
4826 7
13353 7
16234 7
2541 7
30179 7
23237 7
18678 7
1784 7
12742 7
1785 7
2685 7
5018 7
17850 7
6396 7
1785 7
14705 7
20490 7
34399 7
18050 7
24991 7
7221 7
669 4
2639 4
199 4
1703 4
9242 4
8643 4
32 4
2050 4
938 4
708 4
23 4
515 4
23 4
544 4
29 4
415 4
226 4
1087 4
762 4
1038 8
417 4
144 4
497 4
924 4
522 4
2638 4
513 4
936 8
626 8
852 4
1673 4
1632 4
188 4
6 4
3304 4
493 8
58 4
181 4
226 4
2178 4
805 4
522 4
1948 8
832 4
319 4
1306 4
193 4
1240 4
5771 4
853 4
8676 4
36 8
1163 4
3658 8
902 4
6186 4
875 4
2661 4
970 4
251 4
922 4
202 4
1999 4
1851 4
182 4
895 4
880 4
546 4
1819 4
315 4
5 4
1866 4
205 4
1005 4
813 4
3077 4
776 4
1915 4
1338 4
3610 4
5077 4
1336 4
2784 4
8746 4
427 4
1492 4
1944 4
1470 4
8 4
1822 4
8 4
761 4
5068 4
2369 4
996 4
13448 4
819 4
7856 4
3055 4
18759 4
1354 4
12445 4
19352 4
901 4
24306 4
18699 4
31004 4
313 4
25470 4
3550 4
2733 4
9159 4
9183 4
26755 4
315 4
2361 4
24559 4
22025 4
10983 4
2972 8
2238 4
974 4
10610 4
22980 4
523 4
2232 4
28363 4
361 4
2984 4
12943 4
741 4
6964 4
2933 4
26855 4
2277 4
1339 4
175 4
138 4
830 4
138 4
2132 8
2925 4
8637 4
3601 4
1131 4
25390 4
9168 4
4202 4
8402 4
2827 4
18257 4
12615 4
16881 4
8821 4
26977 4
16749 4
12652 4
11221 4
2877 4
13221 4
12619 4
7868 4
16442 4
2793 4
10926 4
19613 4
11714 4
2672 4
28353 4
21994 4
22352 4
11255 4
9445 4
31095 4
5184 4
5185 4
23089 4
23216 4
498 4
837 4
4002 4
12903 4
2674 4
2675 4
24279 4
12395 4
3081 4
18708 4
31016 4
518 4
9499 4
16231 4
3878 4
31335 4
59 4
9865 4
112 4
20289 4
27510 4
3602 4
515 4
9286 4
20421 4
839 4
9132 4
30477 4
2904 4
28407 4
444 4
2363 4
16246 4
11492 4
22649 4
31324 4
27153 4
17169 4
19274 4
3201 4
25510 4
26285 4
22047 4
25461 4
161 4
16830 4
2309 4
23470 4
15905 4
2778 4
3315 4
10322 4
18261 4
5607 4
14972 4
6821 4
874 4
8250 4
32649 4
8141 4
21873 4
9525 4
9446 4
3315 4
19482 4
6196 4
3414 4
12875 4
10437 4
17541 4
17143 4
8185 4
9343 4
6799 4
9255 4
3790 4
3590 4
17318 4
5570 4
12676 4
9446 4
11270 4
21084 4
3607 4
14690 4
32046 4
8247 4
21968 4
9446 4
6157 4
10844 4
31152 4
12602 4
31006 4
10784 4
28202 4
9446 4
1851 4
10540 4
10760 4
13556 4
18788 4
8 4
18623 4
31590 4
9414 4
10591 4
2852 4
11021 4
9132 4
27481 4
5357 4
19046 4
694 4
18191 4
18321 4
12667 4
33354 4
4536 4
20595 4
18750 4
25725 4
9331 4
9171 4
881 4
25454 4
694 4
1629 4
1357 4
5978 4
4959 4
27916 4
10522 4
11078 4
13368 4
1330 4
22018 4
20167 4
20828 4
26897 4
759 4
22754 4
18231 4
9446 4
26034 4
6182 4
20092 4
14968 4
29819 4
5621 4
33034 4
23275 4
13794 4
33048 4
3985 4
20597 4
25297 4
24325 4
9416 4
35306 4
14514 4
17277 4
30755 4
9183 4
17523 4
31738 4
7999 4
28236 4
8129 4
15023 4
22236 4
19486 4
5992 4
31908 4
25049 4
30458 4
10633 4
5548 4
1465 4
9438 4
33879 4
5488 4
29895 4
26783 4
9132 4
33496 4
16525 4
11723 4
7873 4
424 4
35128 4
6084 4
13159 4
709 4
33133 4
1926 4
18105 4
3154 4
18733 4
13722 4
12740 4
1824 4
14578 4
18221 4
1888 4
22186 4
5992 4
19525 4
18543 4
6383 4
24448 4
17463 4
294 4
9446 4
5373 4
6183 4
1832 4
18915 4
19486 4
13379 4
26255 4
13312 4
15905 4
3987 4
20822 4
960 4
18478 4
9196 4
919 4
8264 4
191 4
940 4
3533 4
28749 4
1672 4
16308 4
1620 4
9187 4
14158 4
16962 4
5106 4
10916 4
32621 4
21756 4
10337 4
8896 4
28849 4
361 4
12037 4
3077 4
15242 4
8746 4
2239 4
8920 4
828 4
2918 4
27416 4
25853 4
22174 4
502 4
12529 4
2705 4
3078 4
28266 4
26046 4
2967 4
29962 4
3410 4
25453 4
1834 4
12674 4
9251 4
13503 4
424 4
14581 4
3036 4
2657 4
11712 4
4200 4
34186 4
148 4
8434 4
9441 4
32229 4
936 4
15607 4
1087 4
720 4
996 4
20225 4
546 4
26255 4
34220 4
12672 4
30919 4
15816 4
2751 4
7849 4
18723 4
15756 4
30875 4
14716 4
767 4
12770 4
18188 4
15287 4
1016 4
586 4
12591 4
1851 4
2446 4
8 4
7856 4
23513 4
9197 4
33435 4
2263 4
9199 4
26039 4
23437 4
20520 4
20289 4
13306 4
34958 4
8230 4
104 4
26 4
1065 4
12585 4
33003 4
33403 4
2214 4
7526 4
12831 4
3944 4
1726 4
13901 4
19219 4
33709 4
13635 4
31007 4
17168 4
14160 4
27954 4
1014 4
1321 4
13144 4
6146 4
27960 4
5545 4
8 4
33039 4
19298 4
14588 4
138 4
472 4
6018 4
17279 4
30917 4
1942 4
761 4
502 4
17887 4
23520 4
1851 4
16703 4
5164 4
23909 4
2031 4
3964 4
29474 4
12943 4
8618 4
25718 4
20785 4
1942 4
22509 4
138 4
13364 4
8 4
8 4
29837 4
29211 4
7812 4
20085 4
23302 4
14966 4
546 4
20605 4
14967 4
32744 4
26737 4
23900 4
12580 4
3230 4
831 4
12502 4
20060 4
1909 4
29832 4
6157 4
27507 4
16384 4
795 4
23400 4
8074 4
400 4
2758 4
2271 4
13538 4
2273 4
8839 4
24574 4
26916 4
546 4
6157 4
2763 4
12905 4
15850 4
32305 4
27368 4
3457 4
23537 4
29022 4
201 4
8840 4
3099 4
400 4
34557 4
16430 4
29799 4
18322 4
28749 4
2042 4
831 4
546 4
424 4
9608 4
10223 4
7550 4
854 4
142 4
16463 4
32598 4
8168 4
3099 4
20802 4
25407 4
400 4
15889 4
201 4
1942 4
1942 4
749 4
2655 4
15812 4
12758 4
22105 4
13166 4
32553 4
2306 4
16460 4
19616 4
25225 4
9799 4
26934 4
2822 4
23081 4
28413 4
29629 4
12833 4
29840 4
14488 4
11222 4
21282 4
13514 4
18064 4
16075 4
18706 4
12385 4
5410 4
2000 4
33853 4
22158 4
470 4
20921 4
18089 4
33853 4
16437 4
33520 4
2901 4
31743 4
9113 4
30749 4
8737 4
19592 4
2804 4
7328 4
16002 4
14965 4
10788 4
8664 4
33853 4
13210 4
19773 4
15703 4
28416 4
2304 4
15129 4
14197 4
20389 4
24241 4
2005 4
9396 4
5669 4
32995 8
22124 4
14586 4
16529 4
34185 4
25465 4
12605 4
2004 4
13182 4
31960 4
30431 4
29853 4
2304 4
16175 4
2112 4
16179 4
2268 8
17647 4
7584 4
18826 4
9446 4
19581 4
22676 4
28058 4
10708 4
9446 4
2002 4
2003 4
12677 4
33500 4
15714 4
21145 4
5253 4
31873 4
17063 4
16470 4
19226 4
2802 4
8619 4
18873 4
3988 4
2253 4
29936 4
28597 4
28750 4
32025 4
2788 4
33579 4
9615 4
1001 4
2108 4
2683 4
30679 4
20504 4
8103 4
24576 4
26033 4
34805 4
7790 4
9163 4
8410 4
24456 4
18726 4
6157 4
12398 4
30390 4
22028 4
22554 4
30944 4
8227 4
12627 4
23539 4
24555 4
22175 4
20269 4
9299 4
17769 4
4816 4
28885 4
24336 4
18031 8
5102 4
4282 4
4025 8
24315 4
26118 4
4282 4
8152 4
4282 4
1558 8
3658 4
3658 4
30575 4
1557 4
7951 4
1673 4
1306 4
20748 4
3658 4
26674 4
3658 4
1038 4
8376 4
27519 4
4606 4
273 4
16728 4
25272 4
23306 4
20525 4
515 4
20179 4
586 4
12704 4
16745 4
1395 4
6938 4
15910 4
27524 4
32410 4
282 4
3199 4
18685 4
8804 4
10640 4
19268 4
1832 4
971 4
28148 4
29626 4
2051 4
18638 4
22200 4
205 4
18273 4
20349 4
746 4
8117 4
13643 4
21832 4
3198 4
30647 4
1087 4
1922 4
23544 4
1087 4
1922 4
1545 4
21832 4
18522 4
20517 4
1087 4
3418 4
5991 4
9133 4
1087 4
8201 4
34868 4
746 4
13167 4
20479 4
5545 4
8443 4
26847 4
1470 4
26908 4
25243 4
25184 8
11312 4
31892 4
23440 4
16423 4
304 4
634 4
720 4
7490 4
23238 4
950 4
15984 4
2820 4
938 4
25517 4
899 4
31511 4
158 4
10646 4
26061 8
6086 4
13155 4
3087 4
3094 4
2970 4
1088 4
30941 4
19017 4
31079 4
2924 8
32545 8
419 8
2475 8
12470 8
18806 8
2638 8
8599 8
2840 8
7120 8
32211 8
17724 8
1833 8
16953 8
2922 8
4597 8
2909 8
3717 8
27781 8
5784 8
1795 8
20879 8
4553 8
22360 8
2022 8
16041 8
15183 8
18262 8
10233 8
4547 8
21439 8
1873 8
33974 8
3780 8
8625 8
23155 8
11808 8
592 8
5287 8
5318 8
4175 8
2818 8
6629 8
2828 8
30266 8
24629 8
23026 8
566 8
34127 8
12335 8
58 8
7329 8
4331 8
6848 8
22969 8
6542 8
6385 8
9932 8
12777 8
20001 8
3568 8
822 8
7432 8
3930 8
5019 8
154 8
531 8
17260 8
10306 8
3361 8
7969 8
32416 8
22967 8
287 8
7740 8
320 8
14629 8
5168 8
3513 8
2395 8
428 8
17359 8
19247 8
5187 8
8588 8
3639 8
34649 8
4717 8
24523 8
21183 8
4531 8
8639 8
4189 8
9571 8
17341 8
18833 8
1427 8
7180 8
28556 8
608 8
9606 8
1750 8
934 8
19350 8
2427 8
474 8
15583 8
1055 8
2922 8
13599 8
10150 8
217 8
9185 8
11072 8
9220 8
7854 8
6441 8
34514 8
6866 8
16247 8
4118 8
24697 8
14241 8
27404 8
3451 8
1404 8
7038 8
3447 8
17722 8
30209 8
19032 8
7269 8
98 8
9727 8
7657 8
26933 8
13569 8
3605 8
1467 8
12400 8
10358 8
24317 8
7164 8
4173 8
3483 8
24138 8
865 8
29161 8
32055 8
678 8
3155 8
4701 8
19379 8
1149 8
7582 8
2954 8
18095 8
20327 8
3632 8
23810 8
4393 8
1554 8
13497 8
13742 8
10165 8
10897 8
295 8
4672 8
23849 8
3483 8
18835 8
1237 8
5228 8
5022 8
7164 8
8661 8
21928 8
18411 8
4100 8
26826 8
18269 8
29111 8
6062 8
10349 8
20834 8
10911 8
17438 8
9026 8
5327 8
6089 8
2194 8
10498 8
14675 8
35302 8
462 8
15039 8
3774 8
25418 8
8705 8
553 8
771 8
8300 8
621 8
2192 8
31711 8
3829 8
17018 8
17345 8
9877 8
31585 8
31073 8
2737 8
4064 8
5613 8
7385 8
6812 8
761 8
165 8
9060 8
4212 8
11033 8
1747 8
1174 8
6058 8
23303 8
8731 8
6377 8
15035 8
11946 8
16963 8
7079 8
3841 8
3817 8
15563 8
18104 8
4535 8
13497 8
3780 8
3844 8
29180 8
2857 8
3218 8
12246 8
25881 8
6693 8
19647 8
27820 8
26960 8
14141 8
6169 8
9192 8
20373 8
28484 8
10591 8
7433 8
10752 8
31049 8
14693 8
3090 8
9348 8
20255 8
5366 8
11262 8
6903 8
11112 8
4699 8
13668 8
26865 8
12671 8
5511 8
1439 8
767 8
12521 8
6171 8
23939 8
4288 8
5622 8
9421 8
8534 8
15939 8
5561 8
6903 8
7571 8
17723 8
24258 8
1316 8
13950 8
28314 8
2367 8
2993 8
1062 8
34483 8
22381 8
17342 8
25594 8
33843 8
4174 8
14670 8
25611 8
1057 8
14531 8
28220 8
27182 8
12401 8
20251 8
4902 8
10179 8
7739 8
5420 8
2913 8
18869 8
2736 8
32045 8
6133 8
18725 8
1748 8
1069 8
7287 8
11616 8
4216 8
34480 8
35402 8
14828 8
1247 8
13565 8
15120 8
5784 8
28682 8
12259 8
10737 8
12186 8
15535 8
26591 8
11778 8
30205 8
14737 8
20231 8
24337 8
26592 8
15099 8
21450 8
9243 8
9088 8
5925 8
15932 8
14776 8
25195 8
20281 8
19347 8
8226 8
21155 8
25375 8
14694 8
16351 8
19248 8
14199 8
7134 8
6576 8
29205 8
11952 8
3715 8
4102 8
7749 8
2898 8
22196 8
12086 8
19387 8
26561 8
2814 8
1874 8
29235 8
12083 8
33321 8
11861 8
8640 8
4757 8
12085 8
4677 8
4394 8
11863 8
9395 8
11934 8
12278 8
26443 8
13420 8
22716 8
6401 8
14449 8
7989 8
32928 8
3161 8
15395 8
24210 8
2417 8
7570 8
17858 8
33522 8
3728 8
10400 8
1632 8
30674 8
24429 8
27917 8
21113 8
19266 8
34053 8
12172 8
6 8
14326 8
33688 8
3207 8
12948 8
23168 8
23311 8
26923 8
11663 8
27915 8
14360 8
13382 8
11779 8
8077 8
32712 8
3947 8
27903 8
22647 8
9014 8
23104 8
2899 8
27904 8
13638 8
10349 8
29575 8
13125 8
32758 8
8836 8
15905 8
1781 8
23647 8
22752 8
5251 8
317 8
12171 8
16419 8
32564 8
23293 8
17156 8
13566 8
24847 8
24706 8
22084 8
24209 8
3067 8
1780 8
2245 8
14709 8
16304 8
25856 8
23803 8
14487 8
35305 8
13146 8
9081 8
24212 8
327 8
26363 8
34272 8
9993 8
34335 8
10358 8
25153 8
15925 8
9444 8
7409 8
15680 8
24811 8
15880 8
7288 8
4676 8